SUBSETID	MEMBERID	MEMBERSTATUS	LINKEDID
80681000000136	102875003	1	
80681000000136	1051441000000109	1	
80681000000136	1051451000000107	1	
80681000000136	1051461000000105	1	
80681000000136	105472004	1	
80681000000136	105473009	1	
80681000000136	105474003	1	
80681000000136	123161008	1	
80681000000136	15130002	1	
80681000000136	151326001	1	
80681000000136	176843009	1	
80681000000136	176844003	1	
80681000000136	176996001	1	
80681000000136	177037000	1	
80681000000136	177038005	1	
80681000000136	177039002	1	
80681000000136	177042008	1	
80681000000136	183035002	1	
80681000000136	213199004	1	
80681000000136	213200001	1	
80681000000136	213201002	1	
80681000000136	213202009	1	
80681000000136	213203004	1	
80681000000136	22387007	1	
80681000000136	225244002	1	
80681000000136	225247009	1	
80681000000136	225248004	1	
80681000000136	225249007	1	
80681000000136	225250007	1	
80681000000136	229821000000106	1	
80681000000136	229831000000108	1	
80681000000136	229841000000104	1	
80681000000136	229971000000102	1	
80681000000136	231921000000104	1	
80681000000136	232161000000103	1	
80681000000136	233111000000108	1	
80681000000136	236363003	1	
80681000000136	236364009	1	
80681000000136	236365005	1	
80681000000136	236894009	1	
80681000000136	236895005	1	
80681000000136	236896006	1	
80681000000136	236912008	1	
80681000000136	236913003	1	
80681000000136	236914009	1	
80681000000136	236915005	1	
80681000000136	238312005	1	
80681000000136	252939009	1	
80681000000136	263301000000102	1	
80681000000136	263321000000106	1	
80681000000136	265064001	1	
80681000000136	265082003	1	
80681000000136	27508009	1	
80681000000136	276907003	1	
80681000000136	283891000000104	1	
80681000000136	309096008	1	
80681000000136	312645003	1	
80681000000136	31276007	1	
80681000000136	315952009	1	
80681000000136	32581000119101	1	
80681000000136	32591000119103	1	
80681000000136	360950001	1	
80681000000136	3851003	1	
80681000000136	391241000000101	1	
80681000000136	410381000000104	1	
80681000000136	41057000	1	
80681000000136	411101000000103	1	
80681000000136	424522003	1	
80681000000136	425644009	1	
80681000000136	425866000	1	
80681000000136	425901007	1	
80681000000136	426250000	1	
80681000000136	426389008	1	
80681000000136	426417003	1	
80681000000136	426914002	1	
80681000000136	426968007	1	
80681000000136	427664000	1	
80681000000136	427961000000100	1	
80681000000136	42862001	1	
80681000000136	430882007	1	
80681000000136	432787004	1	
80681000000136	433475001	1	
80681000000136	439247007	1	
80681000000136	439790009	1	
80681000000136	440645004	1	
80681000000136	440687002	1	
80681000000136	440688007	1	
80681000000136	440691000000100	1	
80681000000136	441198005	1	
80681000000136	441200004	1	
80681000000136	441209003	1	
80681000000136	441222006	1	
80681000000136	441276006	1	
80681000000136	441369004	1	
80681000000136	441427002	1	
80681000000136	441463002	1	
80681000000136	441465009	1	
80681000000136	441468006	1	
80681000000136	443633009	1	
80681000000136	446934006	1	
80681000000136	448543003	1	
80681000000136	451871000000106	1	
80681000000136	46249006	1	
80681000000136	52637005	1	
80681000000136	57233006	1	
80681000000136	58533008	1	
80681000000136	63487001	1	
80681000000136	66601000	1	
80681000000136	711544002	1	
80681000000136	75456002	1	
80681000000136	75615008	1	
80681000000136	765291000000105	1	
80681000000136	92831004	1	
80661000000131	12277671000119109	1	
80661000000131	12277711000119108	1	
80661000000131	13670005	1	
80661000000131	149785007	1	
80661000000131	149787004	1	
80661000000131	149953000	1	
80661000000131	176532008	1	
80661000000131	18003009	1	
80661000000131	180060001	1	
80661000000131	180061002	1	
80661000000131	191780004	1	
80661000000131	191782007	1	
80661000000131	191783002	1	
80661000000131	191784008	1	
80661000000131	191785009	1	
80661000000131	191786005	1	
80661000000131	191787001	1	
80661000000131	191790007	1	
80661000000131	191798000	1	
80661000000131	192507000	1	
80661000000131	192508005	1	
80661000000131	192509002	1	
80661000000131	192510007	1	
80661000000131	192511006	1	
80661000000131	229641005	1	
80661000000131	248091009	1	
80661000000131	248108005	1	
80661000000131	24878005	1	
80661000000131	265619004	1	
80661000000131	280377008	1	
80661000000131	282272009	1	
80661000000131	285116001	1	
80661000000131	30509009	1	
80661000000131	308591000000104	1	
80661000000131	309011000000105	1	
80661000000131	3503000	1	
80661000000131	379351000000102	1	
80661000000131	407374003	1	
80661000000131	407375002	1	
80661000000131	407376001	1	
80661000000131	407377005	1	
80661000000131	407378000	1	
80661000000131	407379008	1	
80661000000131	412311000000105	1	
80661000000131	412321000000104	1	
80661000000131	416911009	1	
80661000000131	42775008	1	
80661000000131	428405009	1	
80661000000131	4296008	1	
80661000000131	441524006	1	
80661000000131	442041000000100	1	
80661000000131	46904000	1	
80661000000131	472945003	1	
80661000000131	472946002	1	
80661000000131	472947006	1	
80661000000131	472948001	1	
80661000000131	472949009	1	
80661000000131	472950009	1	
80661000000131	472977000	1	
80661000000131	472981000	1	
80661000000131	472989003	1	
80661000000131	490221000000106	1	
80661000000131	50878001	1	
80661000000131	5095008	1	
80661000000131	51427007	1	
80661000000131	539961000000103	1	
80661000000131	539971000000105	1	
80661000000131	539981000000107	1	
80661000000131	54417002	1	
80661000000131	544321000000107	1	
80661000000131	57715001	1	
80661000000131	59216005	1	
80661000000131	61180001	1	
80661000000131	61262002	1	
80661000000131	63495002	1	
80661000000131	637621000000104	1	
80661000000131	64334007	1	
80661000000131	67123006	1	
80661000000131	68963006	1	
80661000000131	714186001	1	
80661000000131	714189008	1	
80661000000131	7278005	1	
80661000000131	75186000	1	
80661000000131	77815007	1	
80661000000131	87991007	1	
80661000000131	93461009	1	
80661000000131	936281000000103	1	
80661000000131	938481000000103	1	
80691000000139	10227000	1	
80691000000139	103408004	1	
80691000000139	103411003	1	
80691000000139	103412005	1	
80691000000139	103413000	1	
80691000000139	103414006	1	
80691000000139	103415007	1	
80691000000139	103416008	1	
80691000000139	103417004	1	
80691000000139	103418009	1	
80691000000139	10345003	1	
80691000000139	104011000119109	1	
80691000000139	104332002	1	
80691000000139	104333007	1	
80691000000139	1053901000000104	1	
80691000000139	1054001000000101	1	
80691000000139	10746341000119109	1	
80691000000139	10754031000119105	1	
80691000000139	10754701000119100	1	
80691000000139	10759841000119105	1	
80691000000139	10759921000119107	1	
80691000000139	1084821000119103	1	
80691000000139	1087051000119109	1	
80691000000139	1087061000119106	1	
80691000000139	1087151000119108	1	
80691000000139	109436001	1	
80691000000139	110041000119104	1	
80691000000139	1107004	1	
80691000000139	111806005	1	
80691000000139	111807001	1	
80691000000139	111880001	1	
80691000000139	112121000119105	1	
80691000000139	11338007	1	
80691000000139	117747006	1	
80691000000139	117748001	1	
80691000000139	117749009	1	
80691000000139	117750009	1	
80691000000139	117751008	1	
80691000000139	117752001	1	
80691000000139	117753006	1	
80691000000139	118005001	1	
80691000000139	118018009	1	
80691000000139	118019001	1	
80691000000139	118038005	1	
80691000000139	118039002	1	
80691000000139	118040000	1	
80691000000139	118041001	1	
80691000000139	118042008	1	
80691000000139	118043003	1	
80691000000139	118044009	1	
80691000000139	118045005	1	
80691000000139	118046006	1	
80691000000139	118047002	1	
80691000000139	118048007	1	
80691000000139	118049004	1	
80691000000139	118050004	1	
80691000000139	118051000	1	
80691000000139	118052007	1	
80691000000139	118053002	1	
80691000000139	118054008	1	
80691000000139	118055009	1	
80691000000139	118056005	1	
80691000000139	118057001	1	
80691000000139	118058006	1	
80691000000139	118059003	1	
80691000000139	118060008	1	
80691000000139	118061007	1	
80691000000139	118062000	1	
80691000000139	118063005	1	
80691000000139	118064004	1	
80691000000139	118065003	1	
80691000000139	118066002	1	
80691000000139	118067006	1	
80691000000139	118068001	1	
80691000000139	118069009	1	
80691000000139	118070005	1	
80691000000139	118071009	1	
80691000000139	118072002	1	
80691000000139	118073007	1	
80691000000139	118074001	1	
80691000000139	118075000	1	
80691000000139	118076004	1	
80691000000139	11906007	1	
80691000000139	122203005	1	
80691000000139	12232008	1	
80691000000139	12373006	1	
80691000000139	129670002	1	
80691000000139	13095005	1	
80691000000139	13310005	1	
80691000000139	13731006	1	
80691000000139	143474003	1	
80691000000139	143475002	1	
80691000000139	151004	1	
80691000000139	15175004	1	
80691000000139	155984003	1	
80691000000139	15628003	1	
80691000000139	16070004	1	
80691000000139	1621000119101	1	
80691000000139	165813002	1	
80691000000139	165816005	1	
80691000000139	166106008	1	
80691000000139	166107004	1	
80691000000139	166401000000102	1	
80691000000139	166491000000109	1	
80691000000139	168326009	1	
80691000000139	168343007	1	
80691000000139	168359007	1	
80691000000139	168361003	1	
80691000000139	170530008	1	
80691000000139	171128005	1	
80691000000139	17305005	1	
80691000000139	179101003	1	
80691000000139	183905006	1	
80691000000139	186698009	1	
80691000000139	186706006	1	
80691000000139	186707002	1	
80691000000139	186708007	1	
80691000000139	186710009	1	
80691000000139	186711008	1	
80691000000139	186712001	1	
80691000000139	186713006	1	
80691000000139	186719005	1	
80691000000139	186728006	1	
80691000000139	186729003	1	
80691000000139	186732000	1	
80691000000139	186735003	1	
80691000000139	186833000	1	
80691000000139	186842007	1	
80691000000139	186846005	1	
80691000000139	186847001	1	
80691000000139	186850003	1	
80691000000139	186854007	1	
80691000000139	186861006	1	
80691000000139	186863009	1	
80691000000139	186867005	1	
80691000000139	186868000	1	
80691000000139	186875004	1	
80691000000139	186877007	1	
80691000000139	186878002	1	
80691000000139	186899004	1	
80691000000139	186903006	1	
80691000000139	186915005	1	
80691000000139	186931002	1	
80691000000139	186939000	1	
80691000000139	186946009	1	
80691000000139	187348005	1	
80691000000139	187368004	1	
80691000000139	187438009	1	
80691000000139	187445009	1	
80691000000139	187450003	1	
80691000000139	187451004	1	
80691000000139	188463006	1	
80691000000139	192008	1	
80691000000139	19206003	1	
80691000000139	192647003	1	
80691000000139	19290004	1	
80691000000139	193786000	1	
80691000000139	194907008	1	
80691000000139	194910001	1	
80691000000139	194947001	1	
80691000000139	197305002	1	
80691000000139	197347003	1	
80691000000139	197348008	1	
80691000000139	197757004	1	
80691000000139	197848003	1	
80691000000139	197850006	1	
80691000000139	197966009	1	
80691000000139	197967000	1	
80691000000139	197997008	1	
80691000000139	198175009	1	
80691000000139	198208000	1	
80691000000139	198242009	1	
80691000000139	198781000000103	1	
80691000000139	199154009	1	
80691000000139	199156006	1	
80691000000139	199157002	1	
80691000000139	199158007	1	
80691000000139	199159004	1	
80691000000139	199161008	1	
80691000000139	199163006	1	
80691000000139	199164000	1	
80691000000139	199165004	1	
80691000000139	199166003	1	
80691000000139	200573008	1	
80691000000139	200681000000109	1	
80691000000139	201441000000107	1	
80691000000139	202933002	1	
80691000000139	20735004	1	
80691000000139	20943002	1	
80691000000139	21523006	1	
80691000000139	222251000000105	1	
80691000000139	222611000000108	1	
80691000000139	22386003	1	
80691000000139	230152000	1	
80691000000139	230180003	1	
80691000000139	230182006	1	
80691000000139	230201009	1	
80691000000139	230202002	1	
80691000000139	230563005	1	
80691000000139	230598008	1	
80691000000139	230735006	1	
80691000000139	231858009	1	
80691000000139	232313005	1	
80691000000139	232367004	1	
80691000000139	233849007	1	
80691000000139	234017002	1	
80691000000139	235009000	1	
80691000000139	235032001	1	
80691000000139	235062007	1	
80691000000139	235064008	1	
80691000000139	235065009	1	
80691000000139	23550005	1	
80691000000139	235726002	1	
80691000000139	235861001	1	
80691000000139	235863003	1	
80691000000139	236406007	1	
80691000000139	236672003	1	
80691000000139	236682002	1	
80691000000139	236683007	1	
80691000000139	236687008	1	
80691000000139	236749007	1	
80691000000139	236766009	1	
80691000000139	236767000	1	
80691000000139	236772009	1	
80691000000139	236773004	1	
80691000000139	237038001	1	
80691000000139	237039009	1	
80691000000139	237042003	1	
80691000000139	237046000	1	
80691000000139	237069002	1	
80691000000139	237083000	1	
80691000000139	237084006	1	
80691000000139	237095000	1	
80691000000139	237096004	1	
80691000000139	237097008	1	
80691000000139	237104007	1	
80691000000139	237106009	1	
80691000000139	237446005	1	
80691000000139	237447001	1	
80691000000139	238419002	1	
80691000000139	238453003	1	
80691000000139	2390000	1	
80691000000139	23975003	1	
80691000000139	240039005	1	
80691000000139	240103002	1	
80691000000139	240545008	1	
80691000000139	240552005	1	
80691000000139	240553000	1	
80691000000139	240554006	1	
80691000000139	240555007	1	
80691000000139	240556008	1	
80691000000139	240557004	1	
80691000000139	240558009	1	
80691000000139	240560006	1	
80691000000139	240561005	1	
80691000000139	240562003	1	
80691000000139	240563008	1	
80691000000139	240564002	1	
80691000000139	240565001	1	
80691000000139	240566000	1	
80691000000139	240567009	1	
80691000000139	240568004	1	
80691000000139	240569007	1	
80691000000139	240571007	1	
80691000000139	240572000	1	
80691000000139	240573005	1	
80691000000139	240574004	1	
80691000000139	240575003	1	
80691000000139	240576002	1	
80691000000139	240577006	1	
80691000000139	240578001	1	
80691000000139	240579009	1	
80691000000139	240580007	1	
80691000000139	240581006	1	
80691000000139	240582004	1	
80691000000139	240583009	1	
80691000000139	240584003	1	
80691000000139	240585002	1	
80691000000139	240586001	1	
80691000000139	240587005	1	
80691000000139	240602008	1	
80691000000139	240603003	1	
80691000000139	240604009	1	
80691000000139	240606006	1	
80691000000139	240608007	1	
80691000000139	242647003	1	
80691000000139	246832008	1	
80691000000139	24868007	1	
80691000000139	250514000	1	
80691000000139	25578009	1	
80691000000139	26039008	1	
80691000000139	26135000	1	
80691000000139	266125005	1	
80691000000139	266126006	1	
80691000000139	266127002	1	
80691000000139	266128007	1	
80691000000139	266130009	1	
80691000000139	266133006	1	
80691000000139	266136003	1	
80691000000139	266138002	1	
80691000000139	266143009	1	
80691000000139	266974005	1	
80691000000139	27075004	1	
80691000000139	272006008	1	
80691000000139	272262003	1	
80691000000139	274118001	1	
80691000000139	27420004	1	
80691000000139	27460003	1	
80691000000139	27494001	1	
80691000000139	275372009	1	
80691000000139	275376007	1	
80691000000139	275881005	1	
80691000000139	27648007	1	
80691000000139	276665006	1	
80691000000139	276700005	1	
80691000000139	27681008	1	
80691000000139	276877003	1	
80691000000139	277499006	1	
80691000000139	278068003	1	
80691000000139	278480000	1	
80691000000139	278481001	1	
80691000000139	281388009	1	
80691000000139	28198007	1	
80691000000139	28438004	1	
80691000000139	28572009	1	
80691000000139	28804003	1	
80691000000139	28867007	1	
80691000000139	29864006	1	
80691000000139	301086002	1	
80691000000139	30168008	1	
80691000000139	301990003	1	
80691000000139	302812006	1	
80691000000139	302813001	1	
80691000000139	305276001	1	
80691000000139	305374000	1	
80691000000139	305489005	1	
80691000000139	305562003	1	
80691000000139	305679000	1	
80691000000139	305739003	1	
80691000000139	305975009	1	
80691000000139	306033001	1	
80691000000139	306123006	1	
80691000000139	306282009	1	
80691000000139	306325006	1	
80691000000139	306435004	1	
80691000000139	306500003	1	
80691000000139	306591007	1	
80691000000139	307423008	1	
80691000000139	310052009	1	
80691000000139	31015008	1	
80691000000139	31137003	1	
80691000000139	312099009	1	
80691000000139	312874009	1	
80691000000139	312934004	1	
80691000000139	312955002	1	
80691000000139	313077009	1	
80691000000139	314840009	1	
80691000000139	315019000	1	
80691000000139	315124004	1	
80691000000139	315655009	1	
80691000000139	315675000	1	
80691000000139	315826004	1	
80691000000139	316492008	1	
80691000000139	316610008	1	
80691000000139	31676001	1	
80691000000139	316841006	1	
80691000000139	31999004	1	
80691000000139	32545003	1	
80691000000139	327331000000104	1	
80691000000139	32735002	1	
80691000000139	331151000119109	1	
80691000000139	33839006	1	
80691000000139	342381000119109	1	
80691000000139	34242002	1	
80691000000139	342481000000105	1	
80691000000139	35089004	1	
80691000000139	35255008	1	
80691000000139	355161000000101	1	
80691000000139	35526001	1	
80691000000139	35742006	1	
80691000000139	35876006	1	
80691000000139	3589003	1	
80691000000139	359792007	1	
80691000000139	359796005	1	
80691000000139	36276008	1	
80691000000139	365587003	1	
80691000000139	37028008	1	
80691000000139	371237000	1	
80691000000139	37430004	1	
80691000000139	37754005	1	
80691000000139	38523005	1	
80691000000139	385352009	1	
80691000000139	385354005	1	
80691000000139	389351000000106	1	
80691000000139	390531000000100	1	
80691000000139	39085002	1	
80691000000139	39304009	1	
80691000000139	396271000000102	1	
80691000000139	396281000000100	1	
80691000000139	397763006	1	
80691000000139	398329009	1	
80691000000139	398579006	1	
80691000000139	398679002	1	
80691000000139	399271000000106	1	
80691000000139	399911003	1	
80691000000139	39992005	1	
80691000000139	399929008	1	
80691000000139	399990001	1	
80691000000139	400118002	1	
80691000000139	400401000000101	1	
80691000000139	401191000000107	1	
80691000000139	40149008	1	
80691000000139	401931000000108	1	
80691000000139	401941000000104	1	
80691000000139	402081000000102	1	
80691000000139	402126004	1	
80691000000139	402889005	1	
80691000000139	402890001	1	
80691000000139	402894005	1	
80691000000139	402895006	1	
80691000000139	402896007	1	
80691000000139	402913004	1	
80691000000139	402916007	1	
80691000000139	402940004	1	
80691000000139	402941000	1	
80691000000139	402942007	1	
80691000000139	402943002	1	
80691000000139	402944008	1	
80691000000139	402945009	1	
80691000000139	402946005	1	
80691000000139	402947001	1	
80691000000139	402949003	1	
80691000000139	402950003	1	
80691000000139	402951004	1	
80691000000139	402954007	1	
80691000000139	402955008	1	
80691000000139	402956009	1	
80691000000139	402957000	1	
80691000000139	402958005	1	
80691000000139	403484002	1	
80691000000139	405139007	1	
80691000000139	405631006	1	
80691000000139	405635002	1	
80691000000139	406108000	1	
80691000000139	406109008	1	
80691000000139	406528008	1	
80691000000139	406581000	1	
80691000000139	407560009	1	
80691000000139	40780007	1	
80691000000139	4082005	1	
80691000000139	409113002	1	
80691000000139	409411000000106	1	
80691000000139	409788009	1	
80691000000139	410470003	1	
80691000000139	410478005	1	
80691000000139	411831000000102	1	
80691000000139	412712007	1	
80691000000139	413311000000103	1	
80691000000139	413321000000109	1	
80691000000139	413621000000104	1	
80691000000139	413891000000100	1	
80691000000139	414376003	1	
80691000000139	414604009	1	
80691000000139	414701000000104	1	
80691000000139	416421000000106	1	
80691000000139	416491000	1	
80691000000139	416729007	1	
80691000000139	418661000000104	1	
80691000000139	419441000000105	1	
80691000000139	420244003	1	
80691000000139	420281004	1	
80691000000139	420302007	1	
80691000000139	420308006	1	
80691000000139	420321004	1	
80691000000139	420384005	1	
80691000000139	420395004	1	
80691000000139	420403001	1	
80691000000139	420452002	1	
80691000000139	420524008	1	
80691000000139	420543008	1	
80691000000139	420544002	1	
80691000000139	420549007	1	
80691000000139	420554003	1	
80691000000139	420614009	1	
80691000000139	420615005	1	
80691000000139	420658009	1	
80691000000139	420687005	1	
80691000000139	420691000	1	
80691000000139	420718004	1	
80691000000139	420721002	1	
80691000000139	420749009	1	
80691000000139	420764009	1	
80691000000139	420774007	1	
80691000000139	420787001	1	
80691000000139	420801006	1	
80691000000139	420818005	1	
80691000000139	420877009	1	
80691000000139	420900006	1	
80691000000139	420938005	1	
80691000000139	420945005	1	
80691000000139	420991002	1	
80691000000139	421009000	1	
80691000000139	421020000	1	
80691000000139	421023003	1	
80691000000139	421047005	1	
80691000000139	421077004	1	
80691000000139	421102007	1	
80691000000139	421154002	1	
80691000000139	421184005	1	
80691000000139	421189000	1	
80691000000139	421214008	1	
80691000000139	421218006	1	
80691000000139	421230000	1	
80691000000139	421272004	1	
80691000000139	421283008	1	
80691000000139	421312009	1	
80691000000139	421315006	1	
80691000000139	421394009	1	
80691000000139	421403008	1	
80691000000139	421415007	1	
80691000000139	421431004	1	
80691000000139	421454008	1	
80691000000139	421460008	1	
80691000000139	421473007	1	
80691000000139	421508002	1	
80691000000139	421510000	1	
80691000000139	421529006	1	
80691000000139	421571007	1	
80691000000139	421597001	1	
80691000000139	421660003	1	
80691000000139	421666009	1	
80691000000139	421671002	1	
80691000000139	421695000	1	
80691000000139	421706001	1	
80691000000139	421708000	1	
80691000000139	421710003	1	
80691000000139	421766003	1	
80691000000139	421792005	1	
80691000000139	421827003	1	
80691000000139	421835000	1	
80691000000139	421837008	1	
80691000000139	421851008	1	
80691000000139	421874007	1	
80691000000139	421883002	1	
80691000000139	421929001	1	
80691000000139	421977001	1	
80691000000139	421979003	1	
80691000000139	421983003	1	
80691000000139	421998001	1	
80691000000139	422003001	1	
80691000000139	422012004	1	
80691000000139	422031005	1	
80691000000139	422052002	1	
80691000000139	422074008	1	
80691000000139	422089004	1	
80691000000139	422127002	1	
80691000000139	422136003	1	
80691000000139	422159009	1	
80691000000139	422177004	1	
80691000000139	422189002	1	
80691000000139	422194002	1	
80691000000139	422241000	1	
80691000000139	422260007	1	
80691000000139	422282000	1	
80691000000139	422337001	1	
80691000000139	423391007	1	
80691000000139	425641000000100	1	
80691000000139	426165006	1	
80691000000139	426247003	1	
80691000000139	42746002	1	
80691000000139	427578006	1	
80691000000139	42770003	1	
80691000000139	427851000000108	1	
80691000000139	428015005	1	
80691000000139	428061000000103	1	
80691000000139	428230005	1	
80691000000139	429721005	1	
80691000000139	431891000000106	1	
80691000000139	432411000000106	1	
80691000000139	4359001	1	
80691000000139	438791000000109	1	
80691000000139	438971000000108	1	
80691000000139	438998000	1	
80691000000139	439057000	1	
80691000000139	439912007	1	
80691000000139	439913002	1	
80691000000139	440291000000103	1	
80691000000139	440714005	1	
80691000000139	441120009	1	
80691000000139	441561000000104	1	
80691000000139	442351000000104	1	
80691000000139	444011000000109	1	
80691000000139	44412000	1	
80691000000139	444150000	1	
80691000000139	444356002	1	
80691000000139	444358001	1	
80691000000139	444375007	1	
80691000000139	444376008	1	
80691000000139	444380003	1	
80691000000139	444394002	1	
80691000000139	444418002	1	
80691000000139	444451006	1	
80691000000139	444452004	1	
80691000000139	444454003	1	
80691000000139	444458000	1	
80691000000139	444461004	1	
80691000000139	444486008	1	
80691000000139	444487004	1	
80691000000139	444491009	1	
80691000000139	444563003	1	
80691000000139	444811000000101	1	
80691000000139	444834005	1	
80691000000139	445563009	1	
80691000000139	44568006	1	
80691000000139	445945000	1	
80691000000139	446471004	1	
80691000000139	446594000	1	
80691000000139	446722008	1	
80691000000139	446902002	1	
80691000000139	447353001	1	
80691000000139	447372001	1	
80691000000139	447402003	1	
80691000000139	44743006	1	
80691000000139	4483005	1	
80691000000139	449773001	1	
80691000000139	449776009	1	
80691000000139	45058001	1	
80691000000139	452801000000105	1	
80691000000139	45377007	1	
80691000000139	455491000000109	1	
80691000000139	455571000000106	1	
80691000000139	461961000000102	1	
80691000000139	46235002	1	
80691000000139	464571000000100	1	
80691000000139	464851000000107	1	
80691000000139	466811000000104	1	
80691000000139	46699001	1	
80691000000139	468931000000102	1	
80691000000139	469321000000107	1	
80691000000139	472954000	1	
80691000000139	48794007	1	
80691000000139	49914005	1	
80691000000139	49923008	1	
80691000000139	504871000000109	1	
80691000000139	504901000000109	1	
80691000000139	50528008	1	
80691000000139	50806003	1	
80691000000139	5085001	1	
80691000000139	50970007	1	
80691000000139	510891000000104	1	
80691000000139	51105006	1	
80691000000139	51928006	1	
80691000000139	51960003	1	
80691000000139	52079000	1	
80691000000139	52414005	1	
80691000000139	53479004	1	
80691000000139	53529004	1	
80691000000139	53664003	1	
80691000000139	54069001	1	
80691000000139	54274001	1	
80691000000139	54825009	1	
80691000000139	55768006	1	
80691000000139	56118002	1	
80691000000139	562081000000107	1	
80691000000139	58056005	1	
80691000000139	58227000	1	
80691000000139	58392004	1	
80691000000139	59233003	1	
80691000000139	59307008	1	
80691000000139	59530001	1	
80691000000139	59721007	1	
80691000000139	59819007	1	
80691000000139	59851000119103	1	
80691000000139	59934002	1	
80691000000139	60335002	1	
80691000000139	60528006	1	
80691000000139	60893000	1	
80691000000139	61048000	1	
80691000000139	61612001	1	
80691000000139	62207008	1	
80691000000139	62479008	1	
80691000000139	6267005	1	
80691000000139	62861003	1	
80691000000139	63751007	1	
80691000000139	64102008	1	
80691000000139	65049003	1	
80691000000139	65295003	1	
80691000000139	66281009	1	
80691000000139	66887000	1	
80691000000139	67125004	1	
80691000000139	67391006	1	
80691000000139	68764005	1	
80691000000139	68863007	1	
80691000000139	69154000	1	
80691000000139	69595007	1	
80691000000139	697965002	1	
80691000000139	699433000	1	
80691000000139	700053002	1	
80691000000139	702479006	1	
80691000000139	702480009	1	
80691000000139	71011005	1	
80691000000139	710311002	1	
80691000000139	713251003	1	
80691000000139	713260006	1	
80691000000139	713261005	1	
80691000000139	713275003	1	
80691000000139	713278001	1	
80691000000139	713297001	1	
80691000000139	713298006	1	
80691000000139	713299003	1	
80691000000139	713300006	1	
80691000000139	713316008	1	
80691000000139	713318009	1	
80691000000139	713320007	1	
80691000000139	713325002	1	
80691000000139	713339002	1	
80691000000139	713340000	1	
80691000000139	713341001	1	
80691000000139	713342008	1	
80691000000139	713349004	1	
80691000000139	713444005	1	
80691000000139	713445006	1	
80691000000139	713446007	1	
80691000000139	713483007	1	
80691000000139	713484001	1	
80691000000139	713487008	1	
80691000000139	713488003	1	
80691000000139	713489006	1	
80691000000139	713490002	1	
80691000000139	713491003	1	
80691000000139	713497004	1	
80691000000139	713503007	1	
80691000000139	713504001	1	
80691000000139	713505000	1	
80691000000139	713506004	1	
80691000000139	713507008	1	
80691000000139	713508003	1	
80691000000139	713510001	1	
80691000000139	713511002	1	
80691000000139	713523008	1	
80691000000139	713526000	1	
80691000000139	713527009	1	
80691000000139	713530002	1	
80691000000139	713531003	1	
80691000000139	713532005	1	
80691000000139	713533000	1	
80691000000139	713543002	1	
80691000000139	713544008	1	
80691000000139	713545009	1	
80691000000139	713546005	1	
80691000000139	713570009	1	
80691000000139	713571008	1	
80691000000139	713572001	1	
80691000000139	713695001	1	
80691000000139	713696000	1	
80691000000139	713718006	1	
80691000000139	713722001	1	
80691000000139	713729005	1	
80691000000139	713730000	1	
80691000000139	713731001	1	
80691000000139	713732008	1	
80691000000139	713733003	1	
80691000000139	713734009	1	
80691000000139	713742005	1	
80691000000139	713844000	1	
80691000000139	713845004	1	
80691000000139	713880000	1	
80691000000139	713881001	1	
80691000000139	713887002	1	
80691000000139	713897006	1	
80691000000139	713964006	1	
80691000000139	713967004	1	
80691000000139	714083007	1	
80691000000139	714464009	1	
80691000000139	719522009	1	
80691000000139	719755001	1	
80691000000139	719789000	1	
80691000000139	72083004	1	
80691000000139	721166000	1	
80691000000139	721583004	1	
80691000000139	721585006	1	
80691000000139	721587003	1	
80691000000139	721588008	1	
80691000000139	721589000	1	
80691000000139	72225002	1	
80691000000139	722520001	1	
80691000000139	722557007	1	
80691000000139	72621000119104	1	
80691000000139	733834006	1	
80691000000139	733835007	1	
80691000000139	74372003	1	
80691000000139	74633007	1	
80691000000139	74915004	1	
80691000000139	75299005	1	
80691000000139	754591000000103	1	
80691000000139	76272004	1	
80691000000139	76381007	1	
80691000000139	764261000000100	1	
80691000000139	764281000000109	1	
80691000000139	76802005	1	
80691000000139	768841000000107	1	
80691000000139	77028001	1	
80691000000139	77939001	1	
80691000000139	786221000000101	1	
80691000000139	786251000000106	1	
80691000000139	787781000000107	1	
80691000000139	787801000000108	1	
80691000000139	79019005	1	
80691000000139	80191000119101	1	
80691000000139	80388004	1	
80691000000139	80604007	1	
80691000000139	80770009	1	
80691000000139	809201000000102	1	
80691000000139	8098009	1	
80691000000139	81000119104	1	
80691000000139	81339006	1	
80691000000139	81598001	1	
80691000000139	817381000000107	1	
80691000000139	817471000000104	1	
80691000000139	817921000000105	1	
80691000000139	818371000000109	1	
80691000000139	818981000000105	1	
80691000000139	819421000000109	1	
80691000000139	819481000000105	1	
80691000000139	819661000000103	1	
80691000000139	819681000000107	1	
80691000000139	82323002	1	
80691000000139	82355002	1	
80691000000139	827006	1	
80691000000139	82959004	1	
80691000000139	830561000000101	1	
80691000000139	835261000000109	1	
80691000000139	83883001	1	
80691000000139	839551000000107	1	
80691000000139	84619001	1	
80691000000139	8555001	1	
80691000000139	85857008	1	
80691000000139	86028001	1	
80691000000139	862181000000105	1	
80691000000139	862191000000107	1	
80691000000139	86253009	1	
80691000000139	86406008	1	
80691000000139	86443005	1	
80691000000139	864511000000102	1	
80691000000139	87117006	1	
80691000000139	872251000000104	1	
80691000000139	872271000000108	1	
80691000000139	87318008	1	
80691000000139	88813005	1	
80691000000139	88943008	1	
80691000000139	90428001	1	
80691000000139	907191000000100	1	
80691000000139	907201000000103	1	
80691000000139	9091006	1	
80691000000139	91554004	1	
80691000000139	91923005	1	
80691000000139	91947003	1	
80691000000139	91948008	1	
80691000000139	9241004	1	
80691000000139	926851000000108	1	
80691000000139	932981000000105	1	
80691000000139	934491000000108	1	
80691000000139	934511000000100	1	
80691000000139	934521000000106	1	
80691000000139	934551000000101	1	
80691000000139	934561000000103	1	
80691000000139	93871000119101	1	
80691000000139	943041000000105	1	
80691000000139	94851000119107	1	
80691000000139	95892003	1	
80691000000139	9941009	1	
80671000000138	10123006	1	
80671000000138	10383002	1	
80671000000138	106109006	1	
80671000000138	10641000000105	1	
80671000000138	10651000000108	1	
80671000000138	10661000000106	1	
80671000000138	10671000000104	1	
80671000000138	10681000000102	1	
80671000000138	10750641000119101	1	
80671000000138	10763001	1	
80671000000138	10833000	1	
80671000000138	11087003	1	
80671000000138	111424000	1	
80671000000138	111426003	1	
80671000000138	111427007	1	
80671000000138	111428002	1	
80671000000138	111429005	1	
80671000000138	111430000	1	
80671000000138	111431001	1	
80671000000138	111432008	1	
80671000000138	111461000000109	1	
80671000000138	11373009	1	
80671000000138	11454006	1	
80671000000138	117911000000107	1	
80671000000138	1180004	1	
80671000000138	118217006	1	
80671000000138	12020000	1	
80671000000138	12095001	1	
80671000000138	12296009	1	
80671000000138	128075001	1	
80671000000138	12983003	1	
80671000000138	13100007	1	
80671000000138	1321008	1	
80671000000138	139018006	1	
80671000000138	13943000	1	
80671000000138	13946008	1	
80671000000138	13961000000108	1	
80671000000138	13971000000101	1	
80671000000138	148244006	1	
80671000000138	14853005	1	
80671000000138	149991000	1	
80671000000138	149994008	1	
80671000000138	149995009	1	
80671000000138	149996005	1	
80671000000138	149998006	1	
80671000000138	150552000	1	
80671000000138	151841008	1	
80671000000138	152229008	1	
80671000000138	152580005	1	
80671000000138	152581009	1	
80671000000138	152582002	1	
80671000000138	152583007	1	
80671000000138	153232001	1	
80671000000138	15511008	1	
80671000000138	156075007	1	
80671000000138	156076008	1	
80671000000138	156077004	1	
80671000000138	156078009	1	
80671000000138	156088005	1	
80671000000138	156090006	1	
80671000000138	156091005	1	
80671000000138	156093008	1	
80671000000138	156094002	1	
80671000000138	1592005	1	
80671000000138	16101000119107	1	
80671000000138	161754008	1	
80671000000138	161756005	1	
80671000000138	161757001	1	
80671000000138	161758006	1	
80671000000138	161759003	1	
80671000000138	161760008	1	
80671000000138	161761007	1	
80671000000138	161762000	1	
80671000000138	16680004	1	
80671000000138	170141000000103	1	
80671000000138	17335003	1	
80671000000138	17380002	1	
80671000000138	174801000000103	1	
80671000000138	176830009	1	
80671000000138	176831008	1	
80671000000138	176849008	1	
80671000000138	176850008	1	
80671000000138	176851007	1	
80671000000138	176852000	1	
80671000000138	176853005	1	
80671000000138	176854004	1	
80671000000138	176855003	1	
80671000000138	176856002	1	
80671000000138	176857006	1	
80671000000138	177095006	1	
80671000000138	177096007	1	
80671000000138	177097003	1	
80671000000138	177098008	1	
80671000000138	177099000	1	
80671000000138	18119004	1	
80671000000138	18302006	1	
80671000000138	183606009	1	
80671000000138	18391007	1	
80671000000138	184005004	1	
80671000000138	185019006	1	
80671000000138	185020000	1	
80671000000138	185021001	1	
80671000000138	185022008	1	
80671000000138	185023003	1	
80671000000138	185024009	1	
80671000000138	18684002	1	
80671000000138	18767001	1	
80671000000138	18872002	1	
80671000000138	18894005	1	
80671000000138	19099008	1	
80671000000138	19123002	1	
80671000000138	19228003	1	
80671000000138	19363005	1	
80671000000138	195005	1	
80671000000138	19564003	1	
80671000000138	198690009	1	
80671000000138	198692001	1	
80671000000138	198693006	1	
80671000000138	198694000	1	
80671000000138	198695004	1	
80671000000138	198696003	1	
80671000000138	198697007	1	
80671000000138	198698002	1	
80671000000138	198699005	1	
80671000000138	198701005	1	
80671000000138	198704002	1	
80671000000138	198705001	1	
80671000000138	198706000	1	
80671000000138	198707009	1	
80671000000138	198708004	1	
80671000000138	198709007	1	
80671000000138	198710002	1	
80671000000138	198711003	1	
80671000000138	198712005	1	
80671000000138	198714006	1	
80671000000138	198715007	1	
80671000000138	198716008	1	
80671000000138	198717004	1	
80671000000138	198718009	1	
80671000000138	198719001	1	
80671000000138	198720007	1	
80671000000138	198721006	1	
80671000000138	198722004	1	
80671000000138	198723009	1	
80671000000138	198724003	1	
80671000000138	198725002	1	
80671000000138	198726001	1	
80671000000138	198727005	1	
80671000000138	198728000	1	
80671000000138	198730003	1	
80671000000138	198731004	1	
80671000000138	198732006	1	
80671000000138	198733001	1	
80671000000138	198734007	1	
80671000000138	198735008	1	
80671000000138	198736009	1	
80671000000138	198737000	1	
80671000000138	198738005	1	
80671000000138	198739002	1	
80671000000138	198740000	1	
80671000000138	198741001	1	
80671000000138	198742008	1	
80671000000138	198743003	1	
80671000000138	198744009	1	
80671000000138	198745005	1	
80671000000138	198746006	1	
80671000000138	198747002	1	
80671000000138	198748007	1	
80671000000138	198749004	1	
80671000000138	198750004	1	
80671000000138	198751000	1	
80671000000138	198752007	1	
80671000000138	198753002	1	
80671000000138	198754008	1	
80671000000138	198755009	1	
80671000000138	198756005	1	
80671000000138	198757001	1	
80671000000138	198758006	1	
80671000000138	198759003	1	
80671000000138	198760008	1	
80671000000138	198761007	1	
80671000000138	198762000	1	
80671000000138	198763005	1	
80671000000138	198764004	1	
80671000000138	198765003	1	
80671000000138	198766002	1	
80671000000138	198767006	1	
80671000000138	198806007	1	
80671000000138	198807003	1	
80671000000138	198808008	1	
80671000000138	198809000	1	
80671000000138	198810005	1	
80671000000138	198811009	1	
80671000000138	198812002	1	
80671000000138	198814001	1	
80671000000138	198815000	1	
80671000000138	198816004	1	
80671000000138	198817008	1	
80671000000138	198819006	1	
80671000000138	198820000	1	
80671000000138	198821001	1	
80671000000138	198822008	1	
80671000000138	198823003	1	
80671000000138	198824009	1	
80671000000138	198827002	1	
80671000000138	198828007	1	
80671000000138	198829004	1	
80671000000138	198830009	1	
80671000000138	198831008	1	
80671000000138	198832001	1	
80671000000138	198833006	1	
80671000000138	198834000	1	
80671000000138	198835004	1	
80671000000138	198836003	1	
80671000000138	198837007	1	
80671000000138	198838002	1	
80671000000138	198839005	1	
80671000000138	198840007	1	
80671000000138	198841006	1	
80671000000138	198842004	1	
80671000000138	198843009	1	
80671000000138	198844003	1	
80671000000138	198845002	1	
80671000000138	198846001	1	
80671000000138	198847005	1	
80671000000138	198848000	1	
80671000000138	198849008	1	
80671000000138	198850008	1	
80671000000138	198851007	1	
80671000000138	198852000	1	
80671000000138	198853005	1	
80671000000138	198854004	1	
80671000000138	198855003	1	
80671000000138	198856002	1	
80671000000138	198857006	1	
80671000000138	198858001	1	
80671000000138	198859009	1	
80671000000138	198860004	1	
80671000000138	198862007	1	
80671000000138	198863002	1	
80671000000138	198864008	1	
80671000000138	198865009	1	
80671000000138	198866005	1	
80671000000138	198867001	1	
80671000000138	198868006	1	
80671000000138	198869003	1	
80671000000138	198870002	1	
80671000000138	198871003	1	
80671000000138	198873000	1	
80671000000138	198874006	1	
80671000000138	198875007	1	
80671000000138	198876008	1	
80671000000138	198878009	1	
80671000000138	199306007	1	
80671000000138	200483009	1	
80671000000138	200485002	1	
80671000000138	200486001	1	
80671000000138	200487005	1	
80671000000138	200488000	1	
80671000000138	200489008	1	
80671000000138	200490004	1	
80671000000138	200491000	1	
80671000000138	200492007	1	
80671000000138	200493002	1	
80671000000138	20216003	1	
80671000000138	20483002	1	
80671000000138	20604004	1	
80671000000138	206574009	1	
80671000000138	20886003	1	
80671000000138	21280005	1	
80671000000138	21334005	1	
80671000000138	21604008	1	
80671000000138	22046002	1	
80671000000138	22442009	1	
80671000000138	225326008	1	
80671000000138	225327004	1	
80671000000138	23401002	1	
80671000000138	237013006	1	
80671000000138	237247003	1	
80671000000138	240280006	1	
80671000000138	240281005	1	
80671000000138	240282003	1	
80671000000138	240283008	1	
80671000000138	240284002	1	
80671000000138	24444009	1	
80671000000138	25032009	1	
80671000000138	252113007	1	
80671000000138	252114001	1	
80671000000138	25404008	1	
80671000000138	25519006	1	
80671000000138	25691001	1	
80671000000138	26010008	1	
80671000000138	26224003	1	
80671000000138	265062002	1	
80671000000138	265633004	1	
80671000000138	26623000	1	
80671000000138	266773005	1	
80671000000138	267014009	1	
80671000000138	267192009	1	
80671000000138	267193004	1	
80671000000138	267194005	1	
80671000000138	267195006	1	
80671000000138	267295002	1	
80671000000138	267296001	1	
80671000000138	267301001	1	
80671000000138	26743002	1	
80671000000138	27001000000105	1	
80671000000138	27011000000107	1	
80671000000138	27015006	1	
80671000000138	27021000000101	1	
80671000000138	27031000000104	1	
80671000000138	27068000	1	
80671000000138	27169005	1	
80671000000138	271904006	1	
80671000000138	271954000	1	
80671000000138	274972007	1	
80671000000138	274973002	1	
80671000000138	275422006	1	
80671000000138	275423001	1	
80671000000138	275424007	1	
80671000000138	275567001	1	
80671000000138	27603008	1	
80671000000138	28493005	1	
80671000000138	28496002	1	
80671000000138	285409006	1	
80671000000138	285434006	1	
80671000000138	287623000	1	
80671000000138	287955003	1	
80671000000138	288041006	1	
80671000000138	288044003	1	
80671000000138	288045002	1	
80671000000138	29421008	1	
80671000000138	29430000	1	
80671000000138	29583006	1	
80671000000138	29601003	1	
80671000000138	29682007	1	
80671000000138	29950007	1	
80671000000138	29995000	1	
80671000000138	302375005	1	
80671000000138	30260009	1	
80671000000138	30297004	1	
80671000000138	30479005	1	
80671000000138	305875008	1	
80671000000138	310506006	1	
80671000000138	31207002	1	
80671000000138	31227001	1	
80671000000138	313264007	1	
80671000000138	315910004	1	
80671000000138	315937002	1	
80671000000138	32016007	1	
80671000000138	3230006	1	
80671000000138	33046001	1	
80671000000138	33490001	1	
80671000000138	33561005	1	
80671000000138	339081000000108	1	
80671000000138	339091000000105	1	
80671000000138	339101000000102	1	
80671000000138	339111000000100	1	
80671000000138	34367002	1	
80671000000138	34478009	1	
80671000000138	34500003	1	
80671000000138	34530006	1	
80671000000138	34701001	1	
80671000000138	35509007	1	
80671000000138	3634007	1	
80671000000138	36473002	1	
80671000000138	365573003	1	
80671000000138	36664002	1	
80671000000138	36801000119105	1	
80671000000138	371332008	1	
80671000000138	373891000	1	
80671000000138	373893002	1	
80671000000138	373894008	1	
80671000000138	373897001	1	
80671000000138	373898006	1	
80671000000138	373900008	1	
80671000000138	373901007	1	
80671000000138	373902000	1	
80671000000138	373908001	1	
80671000000138	373910004	1	
80671000000138	373911000	1	
80671000000138	373912007	1	
80671000000138	373913002	1	
80671000000138	373914008	1	
80671000000138	373915009	1	
80671000000138	373916005	1	
80671000000138	373917001	1	
80671000000138	373919003	1	
80671000000138	373921008	1	
80671000000138	37787009	1	
80671000000138	37880000	1	
80671000000138	38099005	1	
80671000000138	38261000119106	1	
80671000000138	386394001	1	
80671000000138	386639001	1	
80671000000138	386641000	1	
80671000000138	3873005	1	
80671000000138	38784004	1	
80671000000138	38835003	1	
80671000000138	38905006	1	
80671000000138	38951007	1	
80671000000138	390431000000101	1	
80671000000138	390641000000108	1	
80671000000138	39067009	1	
80671000000138	39120007	1	
80671000000138	391896006	1	
80671000000138	391897002	1	
80671000000138	39239006	1	
80671000000138	39246002	1	
80671000000138	39406005	1	
80671000000138	396158009	1	
80671000000138	40405003	1	
80671000000138	40500006	1	
80671000000138	408840008	1	
80671000000138	40894000	1	
80671000000138	409191000000108	1	
80671000000138	409201000000105	1	
80671000000138	409481000000104	1	
80671000000138	412758008	1	
80671000000138	415262008	1	
80671000000138	41806003	1	
80671000000138	41850002	1	
80671000000138	425881000000109	1	
80671000000138	427261000000105	1	
80671000000138	427511000000106	1	
80671000000138	42755004	1	
80671000000138	428641000000105	1	
80671000000138	43293004	1	
80671000000138	439163006	1	
80671000000138	439310005	1	
80671000000138	439741000000107	1	
80671000000138	44101005	1	
80671000000138	44108004	1	
80671000000138	4426000	1	
80671000000138	44448003	1	
80671000000138	4451004	1	
80671000000138	44638009	1	
80671000000138	44640004	1	
80671000000138	44797006	1	
80671000000138	447972007	1	
80671000000138	44992005	1	
80671000000138	450531000000100	1	
80671000000138	450678004	1	
80671000000138	450679007	1	
80671000000138	451014004	1	
80671000000138	4576001	1	
80671000000138	45774002	1	
80671000000138	46101000119101	1	
80671000000138	463061000000100	1	
80671000000138	46365005	1	
80671000000138	46533008	1	
80671000000138	465821000000103	1	
80671000000138	47161002	1	
80671000000138	472839005	1	
80671000000138	48433002	1	
80671000000138	49416000	1	
80671000000138	49632008	1	
80671000000138	49809007	1	
80671000000138	50206009	1	
80671000000138	50554000	1	
80671000000138	50628000	1	
80671000000138	50726009	1	
80671000000138	50844007	1	
80671000000138	51096002	1	
80671000000138	51181004	1	
80671000000138	51391003	1	
80671000000138	51407006	1	
80671000000138	51707007	1	
80671000000138	51830007	1	
80671000000138	51945001	1	
80671000000138	51953009	1	
80671000000138	5211000000103	1	
80671000000138	52342006	1	
80671000000138	52660002	1	
80671000000138	528441000000101	1	
80671000000138	528501000000100	1	
80671000000138	529611000000105	1	
80671000000138	53098006	1	
80671000000138	53111003	1	
80671000000138	531521000000102	1	
80671000000138	532051000000107	1	
80671000000138	53247006	1	
80671000000138	53365008	1	
80671000000138	53638009	1	
80671000000138	54044001	1	
80671000000138	54113008	1	
80671000000138	54155004	1	
80671000000138	54453000	1	
80671000000138	54529009	1	
80671000000138	54940007	1	
80671000000138	55589000	1	
80671000000138	55639004	1	
80671000000138	5577003	1	
80671000000138	55933000	1	
80671000000138	56029000	1	
80671000000138	56083002	1	
80671000000138	561991000000100	1	
80671000000138	562001000000102	1	
80671000000138	56379006	1	
80671000000138	56451001	1	
80671000000138	56462001	1	
80671000000138	56827004	1	
80671000000138	569441000000102	1	
80671000000138	569471000000108	1	
80671000000138	57197002	1	
80671000000138	572641000000101	1	
80671000000138	574541000000109	1	
80671000000138	574551000000107	1	
80671000000138	577181000000102	1	
80671000000138	57734001	1	
80671000000138	57797005	1	
80671000000138	5792004	1	
80671000000138	58071009	1	
80671000000138	58123006	1	
80671000000138	58475007	1	
80671000000138	58654009	1	
80671000000138	592121000000107	1	
80671000000138	592131000000109	1	
80671000000138	592151000000102	1	
80671000000138	592161000000104	1	
80671000000138	592201000000107	1	
80671000000138	5939002	1	
80671000000138	5945005	1	
80671000000138	59859005	1	
80671000000138	599091000000102	1	
80671000000138	599101000000105	1	
80671000000138	599111000000107	1	
80671000000138	599121000000101	1	
80671000000138	599141000000108	1	
80671000000138	599151000000106	1	
80671000000138	599161000000109	1	
80671000000138	599171000000102	1	
80671000000138	599181000000100	1	
80671000000138	59919008	1	
80671000000138	599191000000103	1	
80671000000138	599231000000107	1	
80671000000138	599241000000103	1	
80671000000138	599251000000100	1	
80671000000138	60330007	1	
80671000000138	609443003	1	
80671000000138	609446006	1	
80671000000138	609447002	1	
80671000000138	609448007	1	
80671000000138	609449004	1	
80671000000138	609450004	1	
80671000000138	609451000	1	
80671000000138	609452007	1	
80671000000138	609453002	1	
80671000000138	609454008	1	
80671000000138	609455009	1	
80671000000138	609456005	1	
80671000000138	609457001	1	
80671000000138	609458006	1	
80671000000138	609459003	1	
80671000000138	609460008	1	
80671000000138	609461007	1	
80671000000138	609462000	1	
80671000000138	609463005	1	
80671000000138	609464004	1	
80671000000138	609465003	1	
80671000000138	609466002	1	
80671000000138	609467006	1	
80671000000138	609468001	1	
80671000000138	609469009	1	
80671000000138	609470005	1	
80671000000138	609471009	1	
80671000000138	609472002	1	
80671000000138	609473007	1	
80671000000138	609474001	1	
80671000000138	609475000	1	
80671000000138	609476004	1	
80671000000138	609477008	1	
80671000000138	609478003	1	
80671000000138	609479006	1	
80671000000138	609480009	1	
80671000000138	609482001	1	
80671000000138	609483006	1	
80671000000138	609484000	1	
80671000000138	609485004	1	
80671000000138	609486003	1	
80671000000138	609487007	1	
80671000000138	609488002	1	
80671000000138	609489005	1	
80671000000138	609490001	1	
80671000000138	609491002	1	
80671000000138	609492009	1	
80671000000138	609493004	1	
80671000000138	609494005	1	
80671000000138	609498008	1	
80671000000138	609499000	1	
80671000000138	609500009	1	
80671000000138	609501008	1	
80671000000138	609502001	1	
80671000000138	609503006	1	
80671000000138	609504000	1	
80671000000138	609505004	1	
80671000000138	609506003	1	
80671000000138	609507007	1	
80671000000138	609508002	1	
80671000000138	609510000	1	
80671000000138	609511001	1	
80671000000138	609512008	1	
80671000000138	609513003	1	
80671000000138	609514009	1	
80671000000138	6134000	1	
80671000000138	613971000000105	1	
80671000000138	614001000000104	1	
80671000000138	614021000000108	1	
80671000000138	61452007	1	
80671000000138	61752008	1	
80671000000138	61810006	1	
80671000000138	61951009	1	
80671000000138	62331000	1	
80671000000138	6251000119101	1	
80671000000138	6261000119104	1	
80671000000138	626761000000103	1	
80671000000138	626771000000105	1	
80671000000138	626781000000107	1	
80671000000138	62888008	1	
80671000000138	63637002	1	
80671000000138	639951000000105	1	
80671000000138	64181003	1	
80671000000138	656231000000102	1	
80671000000138	660131000000100	1	
80671000000138	660141000000109	1	
80671000000138	660151000000107	1	
80671000000138	660161000000105	1	
80671000000138	660201000000102	1	
80671000000138	660211000000100	1	
80671000000138	660221000000106	1	
80671000000138	661411000000107	1	
80671000000138	661421000000101	1	
80671000000138	66335006	1	
80671000000138	6647006	1	
80671000000138	66892003	1	
80671000000138	67042008	1	
80671000000138	672511000000105	1	
80671000000138	67313008	1	
80671000000138	6741000000101	1	
80671000000138	6751000000103	1	
80671000000138	6761000000100	1	
80671000000138	6771000000107	1	
80671000000138	6802007	1	
80671000000138	68189005	1	
80671000000138	690421000000105	1	
80671000000138	69156003	1	
80671000000138	69302000	1	
80671000000138	694901000000104	1	
80671000000138	69696002	1	
80671000000138	697994009	1	
80671000000138	698411000000101	1	
80671000000138	698421000000107	1	
80671000000138	698431000000109	1	
80671000000138	698586005	1	
80671000000138	698587001	1	
80671000000138	698636009	1	
80671000000138	700041001	1	
80671000000138	70317007	1	
80671000000138	703711000000108	1	
80671000000138	704521000000109	1	
80671000000138	704531000000106	1	
80671000000138	704541000000102	1	
80671000000138	704801000000102	1	
80671000000138	704811000000100	1	
80671000000138	704931000000104	1	
80671000000138	707207004	1	
80671000000138	70772007	1	
80671000000138	707849001	1	
80671000000138	707998009	1	
80671000000138	70823006	1	
80671000000138	71216006	1	
80671000000138	71362000	1	
80671000000138	714812005	1	
80671000000138	7166002	1	
80671000000138	71720009	1	
80671000000138	724484007	1	
80671000000138	724494002	1	
80671000000138	73280003	1	
80671000000138	73837001	1	
80671000000138	74978008	1	
80671000000138	749781000000109	1	
80671000000138	75013000	1	
80671000000138	757111000000108	1	
80671000000138	75825001	1	
80671000000138	75947000	1	
80671000000138	763801000000101	1	
80671000000138	76472002	1	
80671000000138	76491002	1	
80671000000138	768721000000107	1	
80671000000138	768731000000109	1	
80671000000138	76889003	1	
80671000000138	769411000000104	1	
80671000000138	769421000000105	1	
80671000000138	77099001	1	
80671000000138	77186001	1	
80671000000138	779341000000104	1	
80671000000138	779351000000101	1	
80671000000138	7802000	1	
80671000000138	780721000000107	1	
80671000000138	7822001	1	
80671000000138	795161000000108	1	
80671000000138	796731000000105	1	
80671000000138	796741000000101	1	
80671000000138	80438008	1	
80671000000138	806771000000107	1	
80671000000138	806781000000109	1	
80671000000138	80679003	1	
80671000000138	8095007	1	
80671000000138	81131001	1	
80671000000138	81521003	1	
80671000000138	8173005	1	
80671000000138	82204006	1	
80671000000138	82338001	1	
80671000000138	8272009	1	
80671000000138	8274005	1	
80671000000138	83712005	1	
80671000000138	838421000000105	1	
80671000000138	84143004	1	
80671000000138	8468007	1	
80671000000138	85652000	1	
80671000000138	8670007	1	
80671000000138	86891002	1	
80671000000138	87307008	1	
80671000000138	8996006	1	
80671000000138	90450000	1	
80671000000138	906211000000103	1	
80671000000138	90645002	1	
80671000000138	90781005	1	
80671000000138	91657000	1	
80671000000138	917351000000108	1	
80671000000138	917361000000106	1	
80671000000138	917371000000104	1	
80671000000138	917381000000102	1	
80671000000138	917391000000100	1	
80671000000138	9391000000101	1	
80671000000138	9401000000103	1	
80671000000138	9402004	1	
80671000000138	9411000000101	1	
80671000000138	9421000000107	1	
80671000000138	9431000000109	1
00000000000000  429746005 1  1
00000000000000  314707006 1  1
00000000000000  205171000000107 1  1
00000000000000  412732008 1  1
00000000000000  720428004 1  1
00000000000000  720741001 1  1